                   1                   0                   0                    H102                
                   2                   7                   3                    986                 
                   3                   0                   4                    A70                 
                   4                   2                   0                    W55W                
                   5                   0                   0                    969696              
                   6                  10                   3                    NNN14               
                   7                   0                   0                    M3                  
                   8                   7                   5                    M4                  
                   9                  10                   5                    S44S                
                  10                   0                   0                    313                 
