                   1                   0                  13                    H102                
                   2                   7                   3                    986                 
                   3                  11                   4                    A70                 
                   4                   2                   0                    W55W                
                   5                  12                  14                    969696              
                   6                  10                   3                    NNN14               
                   7                   0                  14                    M3                  
                   8                   7                   5                    M4                  
                   9                  10                   5                    S44S                
                  10                  12                  15                    313                 
